# World 1-1 accurate layout
# GROUND_Y = 660, BLOCK_SIZE = 48, blocks sit with bottom at y=708 (660+48)

# === GROUND ===
0 660
48 660
96 660
144 660
192 660
240 660
288 660
336 660
384 660
432 660
480 660
528 660
576 660
624 660
672 660
720 660
768 660
816 660
864 660
912 660
960 660
1008 660
1056 660
1104 660
1152 660
1200 660
1248 660
1296 660
1344 660
1392 660
1440 660
1488 660
1536 660
1584 660
1632 660
1680 660
1728 660
1776 660
1824 660
1872 660
1920 660
1968 660
2016 660
2064 660
2112 660
2160 660
2208 660
2256 660
2304 660
2352 660
2400 660
2448 660
2496 660
2544 660
2592 660
2640 660
2688 660
2736 660
2784 660
2832 660
2880 660
2928 660
2976 660
3024 660
3072 660
3120 660
3168 660
3216 660
3264 660
3312 660
3360 660
3408 660
3456 660
3504 660
3552 660
3600 660
3648 660
3696 660
3744 660
3792 660
3840 660
3888 660
3936 660
3984 660
4032 660
4080 660
4128 660
4176 660
4224 660
4272 660
4320 660
4368 660
4416 660
4464 660
4512 660
4560 660
4608 660
4656 660
4704 660
4752 660
4800 660
4848 660
4896 660
4944 660
4992 660
5040 660
5088 660
5136 660
5184 660
5232 660
5280 660
5328 660
5376 660
5424 660
5472 660
5520 660
5568 660
5616 660
5664 660
5712 660
5760 660
5808 660
5856 660
5904 660
5952 660
6000 660
6048 660
6096 660
6144 660
6192 660
6240 660
6288 660
6336 660
6384 660
6432 660
6480 660
6528 660
6576 660
6624 660
6672 660
6720 660
6768 660
6816 660
6864 660
6912 660
6960 660
7008 660
7056 660
7104 660
7152 660
7200 660
7248 660
7296 660
7344 660
7392 660
7440 660
7488 660

# === FIRST QUESTION BLOCKS + BRICK (above Mario's head height) ===
# 3 bricks then 1 question then 3 bricks at x~384
384 468
432 468
480 468
528 468
576 468
624 468

# === FIRST PIPE (2 tall) ===
672 612
672 660

# === FLOATING BRICKS AFTER PIPE ===
864 468
912 468
960 468

# === SECOND PIPE (3 tall) ===
1152 564
1152 612
1152 660

# === LONG FLOATING BRICK ROW ===
1344 468
1392 468
1440 468
1488 468
1536 468
1584 468

# === THIRD PIPE (3 tall) ===
1728 564
1728 612
1728 660

# === FOURTH PIPE (4 tall) ===
2064 516
2064 564
2064 612
2064 660

# === FLOATING PLATFORM OVER GAP ===
2400 420
2448 420
2496 420
2544 420
2592 420
2640 420

# === BRICK CLUSTERS ===
2832 468
2880 468
2928 468
2976 420
2976 468
3024 420

# === STAIRCASE UP (left to right) ===
3264 612
3264 564
3264 516
3264 468
3312 612
3312 564
3312 516
3360 612
3360 564
3408 612

# === GAP (no ground here already handled above) ===

# === STAIRCASE DOWN (left to right) ===
3504 468
3552 468
3552 516
3600 468
3600 516
3600 564
3648 468
3648 516
3648 564
3648 612

# === MORE BRICKS ===
3792 468
3840 468
3888 420
3936 420
3984 468
4032 468

# === PIPE NEAR END ===
4176 564
4176 612
4176 660

# === FINAL STAIRCASE UP ===
4416 612
4416 564
4416 516
4416 468
4464 612
4464 564
4464 516
4512 612
4512 564
4560 612

# === EXTENDED LEVEL ===

# Floating bricks
4700 468
4748 468
4796 468
4844 420
4892 420
4940 468
4988 468

# Pipe
5100 564
5100 612
5100 660

# Long floating platform
5250 420
5298 420
5346 420
5394 420
5442 420
5490 420
5538 420

# Brick clusters
5650 468
5698 468
5746 420
5794 420
5842 468

# Pipe (tall)
5950 516
5950 564
5950 612
5950 660

# Zigzag platforms
6100 516
6148 468
6196 420
6244 468
6292 516
6340 468
6388 420

# Pipe
6500 564
6500 612
6500 660

# Final challenge - gaps with floating blocks
6650 420
6698 420
6746 468
6794 420
6842 420
6890 468
6938 420

# Final grand staircase
7000 612
7000 564
7000 516
7000 468
7048 612
7048 564
7048 516
7096 612
7096 564
7144 612